44 0.375
48 0.125
51 0.25
51 0.25
53 0.5
51 0.5
48 0.375
44 0.125
51 0.167
51 0.167
51 0.167
48 0.5
44 0.5
39 0.167
39 0.167
39 0.167
39 0.167
39 0.167
39 0.167
44 0.75
39 0.25
44 0.75
44 0.25
44 0.25
44 0.25
39 0.25
41 0.125
43 0.125
44 0.5
44 0.5
48 0.25
44 0.25
46 0.125
48 0.125
51 0.5
51 0.5
48 0.25
48 0.25
44 0.25
48 0.25 
51 0.375
48 0.125
46 0.5
46 0.75
53 0.5
51 0.5
46 0.5
48 0.5
51 0.25
48 0.25
51 0.25
48 0.25
46 0.125
48 0.125
44 0.5
48 0.75
39 0.375
41 0.125
44 0.25
44 0.25
48 0.375
48 0.125
51 0.25
51 0.25
46 0.25
46 0.125
46 0.125
39 0.5
46 0.75
39 0.25
44 0.75
44 0.25
48 0.75
48 0.25
51 0.75
44 0.375
48 0.125
51 0.25
51 0.25
53 0.5
51 0.5
48 0.375
44 0.125
51 0.167
51 0.167
51 0.167
48 0.5
44 0.5
39 0.5
44 0.5
48 0.375
44 0.125
51 0.167
51 0.167
51 0.167
48 0.5
44 0.5
39 0.5
44 0.5
39 0.5
44 0.5
39 0.5
44 0.5 
44 0.75
