0.375
0.125
0.25
0.25
0.5
0.5
0.375
0.125
0.167
0.167
0.167
0.5
0.5
0.167
0.167
0.167
0.167
0.167
0.167
0.75
0.25
0.75
0.25
0.25
0.25
0.25
0.125
0.125
0.5
0.5
0.25
0.25
0.125
0.125
0.5
0.5
0.25
0.25
0.25
0.25
0.375
0.125
0.5
0.75
0.5
0.5
0.5
0.5
0.25
0.25
0.25
0.25
0.125
0.125
0.5
0.75
0.375
0.125
0.25
0.25
0.375
0.125
0.25
0.25
0.25
0.125
0.125
0.5
0.75
0.25
0.75
0.25
0.75
0.25
0.75
0.375
0.125
0.25
0.25
0.5
0.5
0.375
0.125
0.167
0.167
0.167
0.5
0.5
0.5
0.5
0.375
0.125
0.167
0.167
0.167
0.5
0.5
0.5
0.5
0.5
0.5
0.5
0.5
0.75
